Test Loss: 0.1957
Test Accuracy: 94.24%

              precision    recall  f1-score   support

           0     0.9933    1.0000    0.9966       148
           1     0.9868    1.0000    0.9934       150
           2     0.9868    1.0000    0.9934       150
           3     1.0000    1.0000    1.0000       150
           4     1.0000    1.0000    1.0000       150
           5     1.0000    1.0000    1.0000       150
           6     0.9934    1.0000    0.9967       150
           7     1.0000    1.0000    1.0000       150
           8     1.0000    1.0000    1.0000       150
           9     1.0000    1.0000    1.0000       150
           A     0.9091    0.7692    0.8333        39
           B     0.8919    0.6600    0.7586        50
           C     0.7069    0.8542    0.7736        48
           D     0.9286    0.7222    0.8125        54
           E     0.7424    0.9423    0.8305        52
           F     0.9750    0.7959    0.8764        49
           G     0.9804    0.9804    0.9804        51
           H     0.8913    0.8367    0.8632        49
           I     0.9828    1.0000    0.9913        57
           J     0.9821    0.9821    0.9821        56
           K     0.6129    0.7917    0.6909        48
           L     0.8947    0.9623    0.9273        53
           M     0.8219    0.8955    0.8571        67
           N     0.8667    0.7879    0.8254        66
           O     1.0000    1.0000    1.0000        55
           P     0.9020    0.7419    0.8142        62
           Q     0.8679    0.9388    0.9020        49
           R     0.9818    0.9474    0.9643        57
           S     0.8298    0.7358    0.7800        53
           T     0.7344    0.9400    0.8246        50
           U     0.9423    0.9245    0.9333        53
           V     0.9815    0.9464    0.9636        56
           W     0.9565    0.8800    0.9167        50
           X     0.8929    0.9259    0.9091        54
           Y     1.0000    1.0000    1.0000         1

    accuracy                         0.9424      2777
   macro avg     0.9210    0.9132    0.9140      2777
weighted avg     0.9465    0.9424    0.9424      2777
